15
12
13
18
11
4
16
13
14
16
18
6
17
18
19
20
16
16
6
19
14
15
17
16
18
15
17
18
8
19
17
20
18
4
12
9
15
16
16
15
18
11
13
16
6
2
20
3
16
15
17
17
11
19
15
16
18
11
10
18
9
17
18
15
12
13
17
17
5
8
15
15
17
15
5
18
13
18
17
16
18
20
14
10
17
13
16
16
11
17
13
13
18
13
18
19
9
5
8
14
6
10
19
17
18
6
13
16
4
17
17
13
9
17
12
17
19
6
16
20
4
8
6
17
3
18
4
14
10
19
4
18
7
16
12
14
17
17
3
18
13
18
14
20
16
5
17
16
17
18
14
17
15
17
17
11
2
16
18
8
16
7
11
17
15
19
14
4
16
18
15
17
16
13
14
7
9
13
16
12
5
12
18
15
2
7
15
12
11
18
10
5
19
15
18
11
11
18
13
16
12
10
7
17
18
18
18
9
6
13
13
4
15
19
16
9
18
15
17
3
18
16
12
18
5
15
17
18
13
15
16
16
17
6
16
18
20
15
2
4
15
19
15
18
13
13
3
16
15
18
17
18
5
16
16
12
17
18
17
13
6
15
19
19
16
18
17
18
14
12
3
18
14
15
15
16
3
15
0
17
12
7
17
14
11
17
15
20
18
13
17
12
15
18
17
20
16
13
15
18
13
17
15
15
7
16
4
17
5
16
11
15
14
16
11
18
7
14
14
4
18
8
17
4
18
18
13
14
17
14
13
16
3
16
18
12
18
18
16
19
17
13
14
17
19
17
5
17
18
17
13
4
2
4
5
17
16
12
19
8
15
15
14
20
17
9
12
18
4
8
15
12
5
3
4
15
19
19
18
11
17
12
5
20
16
5
16
17
17
17
7
12
5
15
18
14
17
8
16
18
15
18
15
16
12
16
19
7
15
16
17
14
14
17
17
7
18
18
5
13
11
18
13
12
19
18
4
14
17
14
4
13
16
16
6
4
16
5
16
16
17
14
16
17
5
13
16
6
14
14
19
5
6
6
18
18
14
18
7
13
17
16
18
17
13
14
15
16
14
6
14
20
4
12
17
19
6
13
14
17
5
6
19
16
15
13
20
3
15
17
14
18
17
8
15
18
13
13
5
6
19
12
5
12
20
10
16
16
15
18
13
17
16
17
18
19
5
15
17
13
18
8
18
13
19
19
13
13
19
2
17
15
16
15
12
18
18
16
3
13
19
14
8
18
4
14
17
12
6
17
18
12
14
6
18
15
16
15
9
14
14
15
9
18
17
5
3
15
10
15
12
18
14
14
6
15
18
12
17
18
5
17
2
19
12
8
17
17
17
5
15
11
13
14
19
4
15
19
17
19
19
13
18
14
18
3
18
5
16
12
5
4
15
1
15
13
13
13
16
14
15
11
19
16
16
5
16
6
10
19
13
17
16
19
15
4
19
14
18
14
18
16
5
16
17
14
13
6
12
18
18
5
19
15
19
14
16
11
15
12
15
14
18
15
17
18
13
19
13
18
16
17
17
19
16
17
8
5
14
17
5
3
7
16
13
4
15
17
10
8
18
5
18
13
13
16
12
19
17
15
17
19
4
11
11
10
7
17
5
12
2
17
14
18
17
18
17
15
19
4
14
14
18
5
12
11
4
14
12
11
3
16
17
16
4
18
13
17
15
18
17
15
14
15
17
20
14
15
10
7
16
16
15
18
1
5
7
11
13
16
2
3
15
8
4
10
10
16
10
17
18
16
8
18
18
15
15
11
4
19
16
6
19
3
7
12
18
17
18
7
4
11
1
4
14
18
12
7
4
16
18
18
16
18
12
16
19
18
6
17
9
13
13
6
17
3
15
16
7
3
16
11
16
17
17
11
18
17
18
14
13
16
18
14
15
16
2
17
4
17
18
18
19
17
10
17
15
12
3
9
18
16
18
16
15
16
18
18
5
14
17
4
17
8
13
8
15
5
15
15
12
17
18
16
3
17
18
16
12
11
20
14
19
13
15
16
16
18
11
16
17
15
9
15
14
19
15
12
6
12
14
6
19
16
18
19
17
15
15
2
19
15
19
19
6
16
18
15
12
16
8
12
18
7
8
12
15
18
18
16
18
19
8
13
6
12
17
18
11
15
19
13
17
12
13
4
17
17
14
17
12
3
20
7
6
15
17
5
18
18
18
6
14
14
18
18
1
5
17
17
17
15
19
18
19
4
14
13
14
19
17
3
6
6
12
14
14
15
15
10
7
9
18
19
12
12
14
3
13
15
